{
  "Abstract": {
    "Abstractshape1.obj": {
      "inertia_matrix": [
        [
          0.6494950795131157,
          -0.021925703411315414,
          -0.07844759936905928
        ],
        [
          -0.021925703411315414,
          0.5119519527825594,
          0.01104938100202216
        ],
        [
          -0.07844759936905928,
          0.01104938100202216,
          0.5500433050729925
        ]
      ],
      "moment_along_principal_axes": [
        113874885.66507436,
        83471269.23441616,
        82965736.89932345
      ],
      "averages_along_axes": [
        116.72596471883993,
        102.83622732512814,
        102.85261833791468
      ],
      "variances_along_axes": [
        5663711.999718053,
        4283749.735782669,
        4283513.192642798
      ]
    },
    "Abstractshape10.obj": {
      "inertia_matrix": [
        [
          0.5392419309097538,
          0.0713827942501079,
          -0.0741656556040622
        ],
        [
          0.0713827942501079,
          0.6046973153900129,
          0.07153404572255705
        ],
        [
          -0.0741656556040622,
          0.07153404572255705,
          0.5586886089242294
        ]
      ],
      "moment_along_principal_axes": [
        151483678.86301783,
        107306539.2080907,
        140189050.6516256
      ],
      "averages_along_axes": [
        120.18314312642039,
        119.6515359524898,
        101.5264410718633
      ],
      "variances_along_axes": [
        9409813.792374568,
        9381937.156038944,
        7044379.97738068
      ]
    },
    "Abstractshape11.obj": {
      "inertia_matrix": [
        [
          0.5224835617103412,
          -0.00018339828105976493,
          0.005451375701695651
        ],
        [
          -0.00018339828105976493,
          0.5487027360902899,
          -0.0485161410433811
        ],
        [
          0.005451375701695651,
          -0.0485161410433811,
          0.6489754240355192
        ]
      ],
      "moment_along_principal_axes": [
        152581032.67707828,
        121465966.47013608,
        120248711.9907143
      ],
      "averages_along_axes": [
        134.15830104027282,
        131.25346622627723,
        131.47442542628218
      ],
      "variances_along_axes": [
        10187899.688645132,
        10012282.800555091,
        10253116.907254422
      ]
    },
    "Abstractshape12.obj": {
      "inertia_matrix": [
        [
          0.4887110062298961,
          0.042439315707434984,
          -0.04300598730068153
        ],
        [
          0.042439315707434984,
          0.6148969496063141,
          -0.11376172564845223
        ],
        [
          -0.04300598730068153,
          -0.11376172564845223,
          0.5915053781553821
        ]
      ],
      "moment_along_principal_axes": [
        76862940.3535262,
        73511646.25385123,
        96768301.43338269
      ],
      "averages_along_axes": [
        123.22411961638164,
        95.2852631326438,
        95.0808137837384
      ],
      "variances_along_axes": [
        6637786.397742439,
        3381096.6038264222,
        3465315.912350317
      ]
    },
    "Abstractshape13.obj": {
      "inertia_matrix": [
        [
          0.6215649723746064,
          -0.001572063291031267,
          -0.0020641728313446966
        ],
        [
          -0.001572063291031267,
          0.6130175713462226,
          -0.008037006463796372
        ],
        [
          -0.0020641728313446966,
          -0.008037006463796372,
          0.48756926790662064
        ]
      ],
      "moment_along_principal_axes": [
        134395550.32824522,
        132092022.25400704,
        105718653.78289452
      ],
      "averages_along_axes": [
        121.5883421499683,
        121.14767113169722,
        101.86073920014965
      ],
      "variances_along_axes": [
        8845447.460394073,
        8875321.397768194,
        5997208.129448305
      ]
    },
    "Abstractshape14.obj": {
      "inertia_matrix": [
        [
          0.4651299481554601,
          -0.0014108978196779056,
          0.018734621172736558
        ],
        [
          -0.0014108978196779056,
          0.470542706353029,
          -0.023509981125479425
        ],
        [
          0.018734621172736558,
          -0.023509981125479425,
          0.7486202649377975
        ]
      ],
      "moment_along_principal_axes": [
        124227346.92436835,
        78163258.45185989,
        77995278.07783327
      ],
      "averages_along_axes": [
        120.85236602903954,
        100.21281976444777,
        100.24928267154884
      ],
      "variances_along_axes": [
        6343582.77942528,
        4199289.842565618,
        4224831.22309528
      ]
    },
    "Abstractshape15.obj": {
      "inertia_matrix": [
        [
          0.5534727763753821,
          -0.02645020453816286,
          -0.06283683552377296
        ],
        [
          -0.02645020453816286,
          0.5480741254354358,
          0.03696545496676946
        ],
        [
          -0.06283683552377296,
          0.03696545496676946,
          0.6174573561633252
        ]
      ],
      "moment_along_principal_axes": [
        104810265.65000042,
        88066969.46894011,
        82941826.98313817
      ],
      "averages_along_axes": [
        111.58574796924337,
        100.09577402306019,
        99.95755458617634
      ],
      "variances_along_axes": [
        5649073.466106346,
        4181694.6735454137,
        4278476.753953866
      ]
    },
    "Abstractshape16.obj": {
      "inertia_matrix": [
        [
          0.5222306915053867,
          -0.08741945011904043,
          -0.15592630671800528
        ],
        [
          -0.08741945011904043,
          0.4875359534913567,
          0.11919203271030569
        ],
        [
          -0.15592630671800528,
          0.11919203271030569,
          0.6302856263696519
        ]
      ],
      "moment_along_principal_axes": [
        133664289.84967898,
        92383148.02990864,
        78392282.87644054
      ],
      "averages_along_axes": [
        138.1063021839072,
        101.11804395258008,
        100.77861083987074
      ],
      "variances_along_axes": [
        8868912.710616179,
        4408278.721340936,
        4460768.529856807
      ]
    },
    "Abstractshape17.obj": {
      "inertia_matrix": [
        [
          0.6391664269308117,
          -0.0019770840917527626,
          0.03503638288124961
        ],
        [
          -0.0019770840917527626,
          0.536581421598743,
          -0.0015259994880489536
        ],
        [
          0.03503638288124961,
          -0.0015259994880489536,
          0.5487067389388264
        ]
      ],
      "moment_along_principal_axes": [
        2433575246.927519,
        2053960595.684815,
        2036461729.2553062
      ],
      "averages_along_axes": [
        145.85328730163138,
        115.1404767164776,
        114.96849810112116
      ],
      "variances_along_axes": [
        1766717.1494687237,
        525839.2755007362,
        459342.40179092466
      ]
    },
    "Abstractshape18.obj": {
      "inertia_matrix": [
        [
          0.545205339249092,
          -0.08919450637798051,
          -0.023484430003119745
        ],
        [
          -0.08919450637798051,
          0.537144334315057,
          -0.009098852204340384
        ],
        [
          -0.023484430003119745,
          -0.009098852204340384,
          0.6301167884634388
        ]
      ],
      "moment_along_principal_axes": [
        115169250.71580353,
        126680737.99482517,
        141848771.62024957
      ],
      "averages_along_axes": [
        116.73364478572111,
        115.75640741065217,
        104.60884207019399
      ],
      "variances_along_axes": [
        8627170.096876606,
        8505033.82594549,
        7423540.10657735
      ]
    },
    "Abstractshape19.obj": {
      "inertia_matrix": [
        [
          0.5476617136939589,
          0.0031951578544167263,
          -0.011070384000513361
        ],
        [
          0.0031951578544167263,
          0.5541708936212716,
          -0.028882019934676685
        ],
        [
          -0.011070384000513361,
          -0.028882019934676685,
          0.6253218379318897
        ]
      ],
      "moment_along_principal_axes": [
        108836504.43966258,
        113733812.09555593,
        104110890.9794293
      ],
      "averages_along_axes": [
        147.5735411743683,
        108.3367609715533,
        106.1579386329068
      ],
      "variances_along_axes": [
        31374258.43335827,
        8787164.898786655,
        7673426.952815031
      ]
    },
    "Abstractshape2.obj": {
      "inertia_matrix": [
        [
          0.5054579632809415,
          -0.0022678748470794288,
          -0.019472979530701418
        ],
        [
          -0.0022678748470794288,
          0.5080031957814537,
          -0.0042887056461619905
        ],
        [
          -0.019472979530701418,
          -0.0042887056461619905,
          0.6968784212925687
        ]
      ],
      "moment_along_principal_axes": [
        93129939.5938646,
        75313830.14887905,
        70300654.9911564
      ],
      "averages_along_axes": [
        109.26764871889334,
        94.95731099881648,
        94.78493960807137
      ],
      "variances_along_axes": [
        4069607.876209268,
        2932480.47650348,
        2971179.1659165416
      ]
    },
    "Abstractshape20.obj": {
      "inertia_matrix": [
        [
          0.5048167365742453,
          0.010495436289935614,
          -0.07241196617345041
        ],
        [
          0.010495436289935614,
          0.4873206133808246,
          -0.0378383625828726
        ],
        [
          -0.07241196617345041,
          -0.0378383625828726,
          0.7029280936388287
        ]
      ],
      "moment_along_principal_axes": [
        115454959.08689748,
        103521494.08834708,
        86976359.20122184
      ],
      "averages_along_axes": [
        125.10109174802882,
        107.67004041057329,
        107.63960531093686
      ],
      "variances_along_axes": [
        7755237.393987797,
        5553319.373101055,
        5626176.136954914
      ]
    },
    "Abstractshape21.obj": {
      "inertia_matrix": [
        [
          0.6695660909868175,
          -0.0025519956813191947,
          0.0010190684588082233
        ],
        [
          -0.0025519956813191947,
          0.64985315293743,
          0.0010080671325693282
        ],
        [
          0.0010190684588082233,
          0.0010080671325693282,
          0.35965955382036535
        ]
      ],
      "moment_along_principal_axes": [
        127725725.82355846,
        123840552.91440228,
        68576460.21213624
      ],
      "averages_along_axes": [
        111.51169573992962,
        111.13705025597338,
        86.17778252372523
      ],
      "variances_along_axes": [
        6600309.5774156805,
        6583476.070334811,
        4278700.654581212
      ]
    },
    "Abstractshape22.obj": {
      "inertia_matrix": [
        [
          0.6516479111799595,
          0.003299126052671151,
          0.00544299992834433
        ],
        [
          0.003299126052671151,
          0.6455527030320628,
          0.00521995501092121
        ],
        [
          0.00544299992834433,
          0.00521995501092121,
          0.39809696135526884
        ]
      ],
      "moment_along_principal_axes": [
        223063240.8213136,
        219860475.71114105,
        135940060.1917801
      ],
      "averages_along_axes": [
        165.86324986187748,
        165.75013984848897,
        136.88758720621578
      ],
      "variances_along_axes": [
        24298806.06223188,
        24213459.027102612,
        18520674.350589994
      ]
    },
    "Abstractshape23.obj": {
      "inertia_matrix": [
        [
          0.5984544690809054,
          0.0028415315840270338,
          -0.000997950299745853
        ],
        [
          0.0028415315840270338,
          0.5897914246486127,
          0.001376872341993311
        ],
        [
          -0.000997950299745853,
          0.001376872341993311,
          0.5421958980664384
        ]
      ],
      "moment_along_principal_axes": [
        131037427.23748104,
        128741668.25771762,
        118580921.86840436
      ],
      "averages_along_axes": [
        121.78601064662179,
        122.21441769614859,
        120.33255303776383
      ],
      "variances_along_axes": [
        8608323.74677878,
        8668654.169753991,
        9185969.145629743
      ]
    },
    "Abstractshape24.obj": {
      "inertia_matrix": [
        [
          0.5176356270786722,
          -0.14050069125254736,
          -0.012768362401295521
        ],
        [
          -0.14050069125254736,
          0.5107467438768433,
          -0.003584681113705854
        ],
        [
          -0.012768362401295521,
          -0.003584681113705854,
          0.6567788597990873
        ]
      ],
      "moment_along_principal_axes": [
        123907727.63417676,
        120692574.1414336,
        154467191.970485
      ],
      "averages_along_axes": [
        135.53982352941293,
        135.74265264722996,
        117.53025347500551
      ],
      "variances_along_axes": [
        11848025.474968664,
        11752453.404458717,
        10928582.671538481
      ]
    },
    "Abstractshape25.obj": {
      "inertia_matrix": [
        [
          0.6827606612063254,
          0.00043696275193811116,
          0.0018579337793865967
        ],
        [
          0.00043696275193811116,
          0.6637961850697169,
          0.0010676386903249154
        ],
        [
          0.0018579337793865967,
          0.0010676386903249154,
          0.3052915635625966
        ]
      ],
      "moment_along_principal_axes": [
        174314749.6633292,
        169487056.06223643,
        77942941.42943329
      ],
      "averages_along_axes": [
        133.22173453058554,
        132.92096414226953,
        105.77021876682254
      ],
      "variances_along_axes": [
        12256985.179831095,
        12208830.080947094,
        9636260.171849769
      ]
    },
    "Abstractshape26.obj": {
      "inertia_matrix": [
        [
          0.6194778056144731,
          0.0013534346676718934,
          0.014740017448623717
        ],
        [
          0.0013534346676718934,
          0.6145424671863999,
          0.0038988515788859965
        ],
        [
          0.014740017448623717,
          0.0038988515788859965,
          0.48797151811216466
        ]
      ],
      "moment_along_principal_axes": [
        145761903.95437083,
        144007776.19807267,
        114052517.45102264
      ],
      "averages_along_axes": [
        131.68496733666225,
        132.37137897395783,
        127.24821322014104
      ],
      "variances_along_axes": [
        10919126.385232424,
        10927007.16361459,
        12113041.097685833
      ]
    },
    "Abstractshape27.obj": {
      "inertia_matrix": [
        [
          0.5166626118234087,
          -0.11637178710370075,
          -0.010175226059512113
        ],
        [
          -0.11637178710370075,
          0.5367350172393125,
          -0.003246349100226038
        ],
        [
          -0.010175226059512113,
          -0.003246349100226038,
          0.6462680041049726
        ]
      ],
      "moment_along_principal_axes": [
        131111150.00819147,
        123276719.63972318,
        150811853.5127425
      ],
      "averages_along_axes": [
        125.14150254741458,
        125.09040349711992,
        100.76830905919853
      ],
      "variances_along_axes": [
        10172022.521889193,
        10139613.988891127,
        6634026.959084245
      ]
    },
    "Abstractshape28.obj": {
      "inertia_matrix": [
        [
          0.6319176483954496,
          0.007078995635009631,
          -0.0010309013846071073
        ],
        [
          0.007078995635009631,
          0.6308158645173094,
          0.011703909638695284
        ],
        [
          -0.0010309013846071073,
          0.011703909638695284,
          0.4498612206494937
        ]
      ],
      "moment_along_principal_axes": [
        154078626.37916926,
        150229047.91090944,
        109078168.54398859
      ],
      "averages_along_axes": [
        135.95128340400206,
        135.55629435891154,
        124.97995334315942
      ],
      "variances_along_axes": [
        12050569.912586555,
        12151166.461557537,
        12334986.483810682
      ]
    },
    "Abstractshape29.obj": {
      "inertia_matrix": [
        [
          0.6319872574886227,
          0.0014897053476097906,
          -0.0047665422114835125
        ],
        [
          0.0014897053476097906,
          0.6204856550065012,
          0.0070051003341420615
        ],
        [
          -0.0047665422114835125,
          0.0070051003341420615,
          0.46415691005136017
        ]
      ],
      "moment_along_principal_axes": [
        128025851.8214492,
        125794552.85495439,
        94436284.79705802
      ],
      "averages_along_axes": [
        113.92610648004631,
        113.48924406327396,
        92.11987410836281
      ],
      "variances_along_axes": [
        7589223.928262325,
        7571140.438157992,
        4580731.417786402
      ]
    },
    "Abstractshape3.obj": {
      "inertia_matrix": [
        [
          0.5211005834122137,
          -0.0011049907379241744,
          0.03827784931744688
        ],
        [
          -0.0011049907379241744,
          0.5217978992658702,
          -0.002632502757221355
        ],
        [
          0.03827784931744688,
          -0.002632502757221355,
          0.6732268894227574
        ]
      ],
      "moment_along_principal_axes": [
        128999873.43367875,
        98672421.89118049,
        96805657.42540005
      ],
      "averages_along_axes": [
        126.50243320390278,
        108.26480090195581,
        108.15498027494147
      ],
      "variances_along_axes": [
        8706989.188190198,
        5830878.850945121,
        5961989.739895785
      ]
    },
    "Abstractshape30.obj": {
      "inertia_matrix": [
        [
          0.38256074436285037,
          0.07479673253999514,
          -0.005347821337361979
        ],
        [
          0.07479673253999514,
          0.63550601693477,
          0.0002683708211681333
        ],
        [
          -0.005347821337361979,
          0.0002683708211681333,
          0.662218192503814
        ]
      ],
      "moment_along_principal_axes": [
        164317189.13131863,
        151620582.4631145,
        103824874.15644164
      ],
      "averages_along_axes": [
        129.31527355145286,
        128.59430567793243,
        98.05925343028265
      ],
      "variances_along_axes": [
        11275275.366900004,
        11106476.486859737,
        6560966.067952393
      ]
    },
    "Abstractshape31.obj": {
      "inertia_matrix": [
        [
          0.6339521603234509,
          -0.004637388942871316,
          -0.009085851971685457
        ],
        [
          -0.004637388942871316,
          0.6665994930829136,
          -0.007147936723854291
        ],
        [
          -0.009085851971685457,
          -0.007147936723854291,
          0.3917135076551461
        ]
      ],
      "moment_along_principal_axes": [
        151380963.47702068,
        144565382.02854642,
        89249690.60895751
      ],
      "averages_along_axes": [
        120.70994394826535,
        120.83857649519194,
        94.46890332571125
      ],
      "variances_along_axes": [
        9748711.769379724,
        9907170.748819163,
        5872695.576580143
      ]
    },
    "Abstractshape32.obj": {
      "inertia_matrix": [
        [
          0.6445585031261378,
          0.008695348388734054,
          0.01921152764622608
        ],
        [
          0.008695348388734054,
          0.6373863647495402,
          -0.008022473655065858
        ],
        [
          0.01921152764622608,
          -0.008022473655065858,
          0.4210283293982244
        ]
      ],
      "moment_along_principal_axes": [
        124867382.9106312,
        120872853.05506502,
        81030503.65322176
      ],
      "averages_along_axes": [
        111.6560427826909,
        111.52786369499903,
        87.62932567584545
      ],
      "variances_along_axes": [
        7032861.053001968,
        7088910.298013344,
        4267022.072046843
      ]
    },
    "Abstractshape33.obj": {
      "inertia_matrix": [
        [
          0.6342418313685451,
          -0.00585721179228676,
          0.012654363072684057
        ],
        [
          -0.00585721179228676,
          0.6280652033371966,
          0.005815651264287412
        ],
        [
          0.012654363072684057,
          0.005815651264287412,
          0.45034972680186486
        ]
      ],
      "moment_along_principal_axes": [
        131213329.21197039,
        129027569.41129887,
        93259903.01056719
      ],
      "averages_along_axes": [
        117.91361610678985,
        117.79066763177289,
        95.34954505144587
      ],
      "variances_along_axes": [
        8149476.72503372,
        8215665.700048493,
        5142369.360255753
      ]
    },
    "Abstractshape34.obj": {
      "inertia_matrix": [
        [
          0.4285209026363921,
          -0.001956090718063634,
          0.03374999749448089
        ],
        [
          -0.001956090718063634,
          0.43193532933991313,
          -0.029390491479534375
        ],
        [
          0.03374999749448089,
          -0.029390491479534375,
          0.791067840358427
        ]
      ],
      "moment_along_principal_axes": [
        136609882.47345772,
        75591427.02466062,
        76785978.88289458
      ],
      "averages_along_axes": [
        127.02636252339911,
        97.05420533240553,
        97.03611469841557
      ],
      "variances_along_axes": [
        6979860.230451966,
        3994691.005522566,
        3930514.1950307502
      ]
    },
    "Abstractshape35.obj": {
      "inertia_matrix": [
        [
          0.5613795466202502,
          -0.0009056543648516488,
          0.002719901991734361
        ],
        [
          -0.0009056543648516488,
          0.5683078626459726,
          -0.0021081682756976155
        ],
        [
          0.002719901991734361,
          -0.0021081682756976155,
          0.6015428937248822
        ]
      ],
      "moment_along_principal_axes": [
        116300370.5691154,
        109821485.56753245,
        108436537.66343726
      ],
      "averages_along_axes": [
        124.44347150646396,
        112.88923320827436,
        112.9389023078053
      ],
      "variances_along_axes": [
        10579132.325924383,
        7236554.963353673,
        7282707.5400869
      ]
    },
    "Abstractshape36.obj": {
      "inertia_matrix": [
        [
          0.563081133249309,
          -0.03270922780223363,
          -0.0049513593798502144
        ],
        [
          -0.03270922780223363,
          0.6149046291344763,
          0.01139710410057424
        ],
        [
          -0.0049513593798502144,
          0.01139710410057424,
          0.5498939237686244
        ]
      ],
      "moment_along_principal_axes": [
        107063306.6019778,
        100381633.51901427,
        106051644.79267819
      ],
      "averages_along_axes": [
        120.90434630380643,
        114.54105075346466,
        114.56236856575585
      ],
      "variances_along_axes": [
        7937045.912968991,
        6376409.003835589,
        6420104.966902782
      ]
    },
    "Abstractshape37.obj": {
      "inertia_matrix": [
        [
          0.608929140634323,
          0.0028830505585758924,
          0.017438564770122914
        ],
        [
          0.0028830505585758924,
          0.608439769017318,
          0.0013965180667687566
        ],
        [
          0.017438564770122914,
          0.0013965180667687566,
          0.5083085850106666
        ]
      ],
      "moment_along_principal_axes": [
        142234353.28642595,
        140503715.62432912,
        117254545.7007657
      ],
      "averages_along_axes": [
        130.938451793748,
        131.56532989722515,
        127.28803358582029
      ],
      "variances_along_axes": [
        10982684.7472797,
        10837761.483575232,
        11759397.574888289
      ]
    },
    "Abstractshape38.obj": {
      "inertia_matrix": [
        [
          0.48366217201577455,
          0.0008146792826198115,
          0.012954833289295893
        ],
        [
          0.0008146792826198115,
          0.48770886470829544,
          0.016091534990351233
        ],
        [
          0.012954833289295893,
          0.016091534990351233,
          0.7261928867962447
        ]
      ],
      "moment_along_principal_axes": [
        123224839.83945349,
        82897557.99492486,
        82576966.78947085
      ],
      "averages_along_axes": [
        120.66570615063485,
        103.5569172376345,
        103.45596225277319
      ],
      "variances_along_axes": [
        6524245.1978210285,
        4641300.971963201,
        4650215.036449117
      ]
    },
    "Abstractshape39.obj": {
      "inertia_matrix": [
        [
          0.6370292352821575,
          -0.006401441443813039,
          -0.018051888879107948
        ],
        [
          -0.006401441443813039,
          0.612413733734091,
          0.0081085547259548
        ],
        [
          -0.018051888879107948,
          0.0081085547259548,
          0.4672022865107656
        ]
      ],
      "moment_along_principal_axes": [
        163253216.53054243,
        159183450.11645815,
        119808376.69904391
      ],
      "averages_along_axes": [
        127.99975762819895,
        128.49837486676026,
        156.35272904804089
      ],
      "variances_along_axes": [
        15114897.06912812,
        15355706.314629082,
        46582730.54931367
      ]
    },
    "Abstractshape4.obj": {
      "inertia_matrix": [
        [
          0.4876682730638192,
          -0.004195257876559938,
          -0.050472934129489055
        ],
        [
          -0.004195257876559938,
          0.4820566411479705,
          0.017542537984607465
        ],
        [
          -0.050472934129489055,
          0.017542537984607465,
          0.7239166625776928
        ]
      ],
      "moment_along_principal_axes": [
        137060672.8568681,
        90067155.17289235,
        89116605.76553094
      ],
      "averages_along_axes": [
        126.90892334358892,
        108.9903162762864,
        109.03561874451337
      ],
      "variances_along_axes": [
        7772873.512446031,
        5695303.025805604,
        5705377.831555491
      ]
    },
    "Abstractshape40.obj": {
      "inertia_matrix": [
        [
          0.5703317800371415,
          -0.0011950913926759143,
          0.014491771394906584
        ],
        [
          -0.0011950913926759143,
          0.5753834250131882,
          -0.0013468367422756282
        ],
        [
          0.014491771394906584,
          -0.0013468367422756282,
          0.585857548895753
        ]
      ],
      "moment_along_principal_axes": [
        122446526.16592407,
        123875054.98790985,
        126269295.35785103
      ],
      "averages_along_axes": [
        127.30892805396569,
        122.6496033736035,
        120.52278332152824
      ],
      "variances_along_axes": [
        10972675.286950223,
        8355959.779571489,
        9016021.281816885
      ]
    },
    "Abstractshape41.obj": {
      "inertia_matrix": [
        [
          0.3839673465070501,
          -0.05659842945622118,
          -0.007697083629587935
        ],
        [
          -0.05659842945622118,
          0.629585644730383,
          0.008205747339333169
        ],
        [
          -0.007697083629587935,
          0.008205747339333169,
          0.6704707820333005
        ]
      ],
      "moment_along_principal_axes": [
        145961903.39691114,
        128608692.15322332,
        96055404.24897406
      ],
      "averages_along_axes": [
        119.1326182790513,
        119.1261759556588,
        90.10603777325639
      ],
      "variances_along_axes": [
        8783576.890021522,
        8927329.97453516,
        4920975.92660294
      ]
    },
    "Abstractshape42.obj": {
      "inertia_matrix": [
        [
          0.4605215018790482,
          0.07200017463902667,
          -0.001206001327447804
        ],
        [
          0.07200017463902667,
          0.6040206972448358,
          -0.0035758634522108906
        ],
        [
          -0.001206001327447804,
          -0.0035758634522108906,
          0.6424036198789405
        ]
      ],
      "moment_along_principal_axes": [
        150996093.17403123,
        134177368.32465196,
        127155957.92726055
      ],
      "averages_along_axes": [
        128.9288302192585,
        128.93242689912987,
        104.95464406390903
      ],
      "variances_along_axes": [
        10907105.289835887,
        10995759.27239709,
        7027269.803147313
      ]
    },
    "Abstractshape43.obj": {
      "inertia_matrix": [
        [
          0.46631944040496787,
          0.03745613818272107,
          -0.14251175461966753
        ],
        [
          0.03745613818272107,
          0.42772613773807155,
          -0.09618625534949687
        ],
        [
          -0.14251175461966753,
          -0.09618625534949687,
          0.7332583543165898
        ]
      ],
      "moment_along_principal_axes": [
        89327162.71223207,
        88600168.98441878,
        59574833.589607894
      ],
      "averages_along_axes": [
        118.08051403288351,
        85.28794062336574,
        85.3691937381532
      ],
      "variances_along_axes": [
        4595445.500964613,
        2374930.892705785,
        2404912.6359835365
      ]
    },
    "Abstractshape44.obj": {
      "inertia_matrix": [
        [
          0.608280677030616,
          0.0012388140141457282,
          0.0032797614931011562
        ],
        [
          0.0012388140141457282,
          0.6114691404527268,
          0.015845384430912005
        ],
        [
          0.0032797614931011562,
          0.015845384430912005,
          0.5055426518291266
        ]
      ],
      "moment_along_principal_axes": [
        125401044.76927163,
        123892323.38411024,
        103802091.21766537
      ],
      "averages_along_axes": [
        114.4968546682446,
        114.50261059152326,
        118.78708513917961
      ],
      "variances_along_axes": [
        7465030.251770118,
        7440540.408570218,
        9976208.428266162
      ]
    },
    "Abstractshape45.obj": {
      "inertia_matrix": [
        [
          0.5850319849392062,
          0.003947978578811403,
          0.0022888457983132075
        ],
        [
          0.003947978578811403,
          0.5829566278998842,
          -0.00012680807050902376
        ],
        [
          0.0022888457983132075,
          -0.00012680807050902376,
          0.5637884920120493
        ]
      ],
      "moment_along_principal_axes": [
        126035671.54723544,
        124246751.84308171,
        120814816.30753008
      ],
      "averages_along_axes": [
        120.48908077521708,
        124.9080907646624,
        119.88812108578979
      ],
      "variances_along_axes": [
        9489834.89791808,
        8698012.01255771,
        9029418.871324636
      ]
    },
    "Abstractshape46.obj": {
      "inertia_matrix": [
        [
          0.6223043292489896,
          -0.0009517495435946763,
          0.012906057256757475
        ],
        [
          -0.0009517495435946763,
          0.6222228449729359,
          0.013309306295073502
        ],
        [
          0.012906057256757475,
          0.013309306295073502,
          0.47422234599544316
        ]
      ],
      "moment_along_principal_axes": [
        151381248.08376333,
        152629679.5440617,
        117640126.22070163
      ],
      "averages_along_axes": [
        134.38774124215894,
        134.14424142848503,
        135.1035967671069
      ],
      "variances_along_axes": [
        12476977.742495107,
        12724681.397036355,
        16828230.482284192
      ]
    },
    "Abstractshape47.obj": {
      "inertia_matrix": [
        [
          0.49934292867255853,
          0.07552246664297664,
          0.001901543947892441
        ],
        [
          0.07552246664297664,
          0.5798431598089272,
          -0.01107921988146769
        ],
        [
          0.001901543947892441,
          -0.01107921988146769,
          0.634648354371692
        ]
      ],
      "moment_along_principal_axes": [
        153297163.07408977,
        139797137.93387422,
        152066670.71429056
      ],
      "averages_along_axes": [
        141.85798277653512,
        141.48657469330095,
        128.2263125439097
      ],
      "variances_along_axes": [
        13577031.169874309,
        13645044.595583301,
        12752567.336452497
      ]
    },
    "Abstractshape48.obj": {
      "inertia_matrix": [
        [
          0.5441136764667077,
          0.003559766285415092,
          -0.025767650984454587
        ],
        [
          0.003559766285415092,
          0.5401362504455339,
          -0.015470209688017886
        ],
        [
          -0.025767650984454587,
          -0.015470209688017886,
          0.6405944081198437
        ]
      ],
      "moment_along_principal_axes": [
        102535846.33460362,
        104518216.76720852,
        100786870.50856957
      ],
      "averages_along_axes": [
        118.74367148225319,
        111.21917221876997,
        111.19315661288448
      ],
      "variances_along_axes": [
        6805185.858028437,
        5659868.183994951,
        5721185.6787972255
      ]
    },
    "Abstractshape49.obj": {
      "inertia_matrix": [
        [
          0.48023263113461945,
          0.0006898881007742421,
          0.011627965302180557
        ],
        [
          0.0006898881007742421,
          0.49050737430503305,
          0.015402264716874784
        ],
        [
          0.011627965302180557,
          0.015402264716874784,
          0.7266590019973365
        ]
      ],
      "moment_along_principal_axes": [
        128123932.85679153,
        86645864.9027888,
        85108334.59132312
      ],
      "averages_along_axes": [
        122.4644918676221,
        107.00934986771696,
        106.91668207963326
      ],
      "variances_along_axes": [
        7039573.48358538,
        5276599.19557702,
        5324168.084376454
      ]
    },
    "Abstractshape5.obj": {
      "inertia_matrix": [
        [
          0.5009695141478951,
          -0.0005208906446780061,
          -0.0021064639515044068
        ],
        [
          -0.0005208906446780061,
          0.5037903842030677,
          -3.5059949942564955e-05
        ],
        [
          -0.0021064639515044068,
          -3.5059949942564955e-05,
          0.70371540780749
        ]
      ],
      "moment_along_principal_axes": [
        124161500.48089215,
        90747441.6042972,
        89156265.78038742
      ],
      "averages_along_axes": [
        124.27843825034667,
        106.90603957362906,
        106.85282655778096
      ],
      "variances_along_axes": [
        7029567.063162289,
        4888986.695295191,
        4940713.064216339
      ]
    },
    "Abstractshape50.obj": {
      "inertia_matrix": [
        [
          0.5559212705724036,
          0.007387577164175163,
          -0.024309435684921155
        ],
        [
          0.007387577164175163,
          0.5548356881032571,
          -0.03261499978567165
        ],
        [
          -0.024309435684921155,
          -0.03261499978567165,
          0.6161902091000465
        ]
      ],
      "moment_along_principal_axes": [
        106945445.39590083,
        107450790.71122156,
        100490287.23085913
      ],
      "averages_along_axes": [
        119.13990338669265,
        113.20818151981887,
        113.73222580147731
      ],
      "variances_along_axes": [
        7074842.814610161,
        6010093.177436217,
        6102576.331247524
      ]
    },
    "Abstractshape6.obj": {
      "inertia_matrix": [
        [
          0.6491333836587821,
          0.0006705579309081759,
          0.00601567616190927
        ],
        [
          0.0006705579309081759,
          0.6368825481682394,
          -0.0024800198953918717
        ],
        [
          0.00601567616190927,
          -0.0024800198953918717,
          0.4158375801269287
        ]
      ],
      "moment_along_principal_axes": [
        153500630.5031236,
        150530873.0989339,
        98291555.0087951
      ],
      "averages_along_axes": [
        128.465656958877,
        128.53152402296107,
        108.8970754826555
      ],
      "variances_along_axes": [
        10288877.823638689,
        10312737.517412936,
        8228551.995288684
      ]
    },
    "Abstractshape7.obj": {
      "inertia_matrix": [
        [
          0.5805052077005319,
          0.07526943567446548,
          -0.010823006063188772
        ],
        [
          0.07526943567446548,
          0.5169719466759677,
          -0.005245832930649046
        ],
        [
          -0.010823006063188772,
          -0.005245832930649046,
          0.619784980329757
        ]
      ],
      "moment_along_principal_axes": [
        111597712.43867218,
        124178262.26907656,
        128166811.59252135
      ],
      "averages_along_axes": [
        117.3237814191804,
        116.76000566837438,
        140.6116638525013
      ],
      "variances_along_axes": [
        10440266.335489467,
        10352597.507610764,
        34192732.29163758
      ]
    },
    "Abstractshape8.obj": {
      "inertia_matrix": [
        [
          0.626853666590283,
          -0.0032537627688479205,
          0.014370857707888077
        ],
        [
          -0.0032537627688479205,
          0.6166427167949208,
          0.006881310276451633
        ],
        [
          0.014370857707888077,
          0.006881310276451633,
          0.4756861555658553
        ]
      ],
      "moment_along_principal_axes": [
        142899894.52532735,
        141152454.31852973,
        109645345.43262981
      ],
      "averages_along_axes": [
        124.85099052089456,
        124.63138372145356,
        113.96224338763602
      ],
      "variances_along_axes": [
        9371992.611220654,
        9423005.55174388,
        8531270.767030308
      ]
    },
    "Abstractshape9.obj": {
      "inertia_matrix": [
        [
          0.6162753927123921,
          4.6325979140332366e-05,
          0.002575001562879313
        ],
        [
          4.6325979140332366e-05,
          0.6155817961422227,
          -0.01062133416197152
        ],
        [
          0.002575001562879313,
          -0.01062133416197152,
          0.49094276810892223
        ]
      ],
      "moment_along_principal_axes": [
        145834744.19491965,
        145967381.2069625,
        116543184.84412314
      ],
      "averages_along_axes": [
        125.37782264569098,
        125.27470341451485,
        107.65543316867311
      ],
      "variances_along_axes": [
        10472423.765930526,
        10352233.704228956,
        7113222.952294117
      ]
    },
    "Archive3D_Paso_dos-vase.obj": {
      "inertia_matrix": [
        [
          0.12899053064840985,
          -0.06796722118984502,
          -0.154722259151714
        ],
        [
          -0.06796722118984502,
          0.2347592487713439,
          0.31690692388487063
        ],
        [
          -0.154722259151714,
          0.31690692388487063,
          0.8187017161582444
        ]
      ],
      "moment_along_principal_axes": [
        115314615633.88536,
        650103653290.747,
        82256109589.48349
      ],
      "averages_along_axes": [
        5256.895057469904,
