{
  "Abstract": {
    "Abstractshape1.obj": {
      "inertia_matrix": [
        [
          0.6506792784218873,
          -0.02441880580360899,
          -0.07696420342068323
        ],
        [
          -0.02441880580360899,
          0.5127013847881342,
          0.012041976421988695
        ],
        [
          -0.07696420342068323,
          0.012041976421988695,
          0.5481096741586456
        ]
      ],
      "moment_along_principal_axes": [
        113758155.6767959,
        83581332.41827662,
        82972403.70374118
      ],
      "averages_along_axes": [
        116.72596471883995,
        102.8362273251271,
        102.85261833791458
      ],
      "variances_along_axes": [
        5663711.999718051,
        4283749.735782612,
        4283513.192642866
      ]
    },
    "Abstractshape10.obj": {
      "inertia_matrix": [
        [
          0.5394876429903451,
          0.07145383512689478,
          -0.07407678377930327
        ],
        [
          0.07145383512689478,
          0.604515086223285,
          0.071646776899678
        ],
        [
          -0.07407678377930327,
          0.071646776899678,
          0.5586251260103663
        ]
      ],
      "moment_along_principal_axes": [
        151447176.15106726,
        107391282.3172493,
        140140810.2544166
      ],
      "averages_along_axes": [
        120.18314312642043,
        119.6515359524897,
        101.52644107186336
      ],
      "variances_along_axes": [
        9409813.79237458,
        9381937.156038964,
        7044379.977380704
      ]
    },
    "Abstractshape11.obj": {
      "inertia_matrix": [
        [
          0.5224639855109924,
          -0.0001319935634068907,
          0.00529004516902667
        ],
        [
          -0.0001319935634068907,
          0.548678159756744,
          -0.04848322431777902
        ],
        [
          0.00529004516902667,
          -0.04848322431777902,
          0.6490195765684144
        ]
      ],
      "moment_along_principal_axes": [
        152576663.30179906,
        121477427.96276464,
        120241619.8733628
      ],
      "averages_along_axes": [
        134.15830104027268,
        131.25346622627725,
        131.47442542628224
      ],
      "variances_along_axes": [
        10187899.688645124,
        10012282.800555084,
        10253116.907254431
      ]
    },
    "Abstractshape12.obj": {
      "inertia_matrix": [
        [
          0.4888691911098009,
          0.04264651441434526,
          -0.04323106869109601
        ],
        [
          0.04264651441434526,
          0.614675357576352,
          -0.11369298580067952
        ],
        [
          -0.04323106869109601,
          -0.11369298580067952,
          0.5915687853054378
        ]
      ],
      "moment_along_principal_axes": [
        76859766.77200688,
        73479406.72608456,
        96803714.54266858
      ],
      "averages_along_axes": [
        123.22411961638174,
        95.28526313264386,
        95.0808137837383
      ],
      "variances_along_axes": [
        6637786.397742443,
        3381096.603826429,
        3465315.912350313
      ]
    },
    "Abstractshape13.obj": {
      "inertia_matrix": [
        [
          0.6215676859510707,
          -0.0015668855188128812,
          -0.0019779406847596523
        ],
        [
          -0.0015668855188128812,
          0.6130148939667303,
          -0.008057949096676578
        ],
        [
          -0.0019779406847596523,
          -0.008057949096676578,
          0.4875692317096489
        ]
      ],
      "moment_along_principal_axes": [
        134395538.33318713,
        132090583.27721663,
        105720104.75474167
      ],
      "averages_along_axes": [
        121.58834214996817,
        121.14767113169746,
        101.86073920014972
      ],
      "variances_along_axes": [
        8845447.46039409,
        8875321.397768186,
        5997208.129448306
      ]
    },
    "Abstractshape14.obj": {
      "inertia_matrix": [
        [
          0.46509924414201,
          -0.0013274445748021552,
          0.018462086604570042
        ],
        [
          -0.0013274445748021552,
          0.4705568439230171,
          -0.02362861542052822
        ],
        [
          0.018462086604570042,
          -0.02362861542052822,
          0.748636831381258
        ]
      ],
      "moment_along_principal_axes": [
        124306920.98540522,
        78089662.30257359,
        77989300.1660826
      ],
      "averages_along_axes": [
        120.85236602903962,
        100.21281976444781,
        100.24928267154887
      ],
      "variances_along_axes": [
        6343582.779425288,
        4199289.842565616,
        4224831.223095288
      ]
    },
    "Abstractshape15.obj": {
      "inertia_matrix": [
        [
          0.5537582315031708,
          -0.026814626957480325,
          -0.06285655272908955
        ],
        [
          -0.026814626957480325,
          0.5485279634084119,
          0.03733486449792915
        ],
        [
          -0.06285655272908955,
          0.03733486449792915,
          0.6167180630625602
        ]
      ],
      "moment_along_principal_axes": [
        104646150.4809324,
        88205836.31917465,
        82967075.30197245
      ],
      "averages_along_axes": [
        111.5857479692434,
        100.09577402306027,
        99.95755458617629
      ],
      "variances_along_axes": [
        5649073.466106343,
        4181694.6735453997,
        4278476.753953862
      ]
    },
    "Abstractshape16.obj": {
      "inertia_matrix": [
        [
          0.5230816532115731,
          -0.09009470305546347,
          -0.15485368173861616
        ],
        [
          -0.09009470305546347,
          0.4913850907689406,
          0.12119320945388029
        ],
        [
          -0.15485368173861616,
          0.12119320945388029,
          0.6255855273858801
        ]
      ],
      "moment_along_principal_axes": [
        131995087.21699974,
        93758918.9564021,
        78685714.58262554
      ],
      "averages_along_axes": [
        138.10630218390716,
        101.11804395257963,
        100.77861083987088
      ],
      "variances_along_axes": [
        8868912.71061617,
        4408278.721340923,
        4460768.529856818
      ]
    },
    "Abstractshape17.obj": {
      "inertia_matrix": [
        [
          0.639000668750734,
          -0.0020334975098997067,
          0.035245261818674885
        ],
        [
          -0.0020334975098997067,
          0.5365827979894865,
          -0.001551109752261487
        ],
        [
          0.035245261818674885,
          -0.001551109752261487,
          0.5488711207281561
        ]
      ],
      "moment_along_principal_axes": [
        2433122306.5087705,
        2054388264.9993,
        2036487000.35957
      ],
      "averages_along_axes": [
        145.85328730163096,
        115.14047671646763,
        114.96849810113132
      ],
      "variances_along_axes": [
        1766717.1494686962,
        525839.2755000676,
        459342.4017916212
      ]
    },
    "Abstractshape18.obj": {
      "inertia_matrix": [
        [
          0.5441444292503116,
          -0.08924348084143495,
          -0.023441307018942314
        ],
        [
          -0.08924348084143495,
          0.5381524868967895,
          -0.00886839648786588
        ],
        [
          -0.023441307018942314,
          -0.00886839648786588,
          0.6301695458804857
        ]
      ],
      "moment_along_principal_axes": [
        115418601.30260468,
        126452653.8121479,
        141827505.2161264
      ],
      "averages_along_axes": [
        116.73364478572091,
        115.75640741065223,
        104.60884207019392
      ],
      "variances_along_axes": [
        8627170.096876603,
        8505033.82594549,
        7423540.106577362
      ]
    },
    "Abstractshape19.obj": {
      "inertia_matrix": [
        [
          0.5482219582004276,
          0.004210468889463594,
          -0.012622139439599748
        ],
        [
          0.004210468889463594,
          0.5556141224669302,
          -0.030543042867392116
        ],
        [
          -0.012622139439599748,
          -0.030543042867392116,
          0.6233183645797621
        ]
      ],
      "moment_along_principal_axes": [
        108652139.27516192,
        113804112.11150494,
        104224956.1279797
      ],
      "averages_along_axes": [
        147.5735411743683,
        108.33676097155387,
        106.15793863290656
      ],
      "variances_along_axes": [
        31374258.433358222,
        8787164.898786867,
        7673426.952814856
      ]
    },
    "Abstractshape2.obj": {
      "inertia_matrix": [
        [
          0.5052618979173414,
          -0.0022912396506428972,
          -0.018614126635201938
        ],
        [
          -0.0022912396506428972,
          0.508017567259496,
          -0.004018128762986485
        ],
        [
          -0.018614126635201938,
          -0.004018128762986485,
          0.6970601151781254
        ]
      ],
      "moment_along_principal_axes": [
        93196470.04923195,
        75251795.87419695,
        70296158.81047252
      ],
      "averages_along_axes": [
        109.26764871889324,
        94.95731099881667,
        94.78493960807161
      ],
      "variances_along_axes": [
        4069607.8762092623,
        2932480.476503478,
        2971179.1659165416
      ]
    },
    "Abstractshape20.obj": {
      "inertia_matrix": [
        [
          0.4987453347920299,
          0.006323447164658197,
          -0.06392948243382342
        ],
        [
          0.006323447164658197,
          0.484839456557007,
          -0.02936957995371237
        ],
        [
          -0.06392948243382342,
          -0.02936957995371237,
          0.711480652244863
        ]
      ],
      "moment_along_principal_axes": [
        116024856.34075269,
        103027485.12738304,
        86900470.908331
      ],
      "averages_along_axes": [
        125.10109174802889,
        107.67004041057329,
        107.63960531093672
      ],
      "variances_along_axes": [
        7755237.393987786,
        5553319.373101073,
        5626176.136954877
      ]
    },
    "Abstractshape21.obj": {
      "inertia_matrix": [
        [
          0.669564831988445,
          -0.002553389811863941,
          0.0011902244823941777
        ],
        [
          -0.002553389811863941,
          0.6498518388305458,
          0.0011842551418543902
        ],
        [
          0.0011902244823941777,
          0.0011842551418543902,
          0.35966212692562183
        ]
      ],
      "moment_along_principal_axes": [
        127725720.90206507,
        123839406.75935775,
        68577611.28867285
      ],
      "averages_along_axes": [
        111.5116957399296,
        111.13705025597353,
        86.1777825237252
      ],
      "variances_along_axes": [
        6600309.577415685,
        6583476.070334813,
        4278700.654581215
      ]
    },
    "Abstractshape22.obj": {
      "inertia_matrix": [
        [
          0.6516547324418451,
          0.0032969432709137074,
          0.005283794927018335
        ],
        [
          0.0032969432709137074,
          0.6455414525489052,
          0.0054794571217051165
        ],
        [
          0.005283794927018335,
          0.0054794571217051165,
          0.3981013905765401
        ]
      ],
      "moment_along_principal_axes": [
        223062654.54942614,
        219848095.99649832,
        135953026.17831352
      ],
      "averages_along_axes": [
        165.86324986187725,
        165.7501398484888,
        136.8875872062157
      ],
      "variances_along_axes": [
        24298806.062231835,
        24213459.027102675,
        18520674.350589998
      ]
    },
    "Abstractshape23.obj": {
      "inertia_matrix": [
        [
          0.5984529596592854,
          0.0028302368760334,
          -0.0012030804774056942
        ],
        [
          0.0028302368760334,
          0.5897999112817554,
          0.001090537124081708
        ],
        [
          -0.0012030804774056942,
          0.001090537124081708,
          0.5421889208549155
        ]
      ],
      "moment_along_principal_axes": [
        131037757.83420904,
        128754291.0494788,
        118567968.47991699
      ],
      "averages_along_axes": [
        121.78601064662179,
        122.21441769614854,
        120.33255303776389
      ],
      "variances_along_axes": [
        8608323.746778768,
        8668654.169754008,
        9185969.145629747
      ]
    },
    "Abstractshape24.obj": {
      "inertia_matrix": [
        [
          0.5180554300246408,
          -0.14048535967836237,
          -0.012839638518630996
        ],
        [
          -0.14048535967836237,
          0.5103357762102316,
          -0.003682161847447736
        ],
        [
          -0.012839638518630996,
          -0.003682161847447736,
          0.6567700245197302
        ]
      ],
      "moment_along_principal_axes": [
        123832427.9793044,
        120753432.98397852,
        154481632.78281155
      ],
      "averages_along_axes": [
        135.53982352941247,
        135.74265264722987,
        117.53025347500541
      ],
      "variances_along_axes": [
        11848025.474968651,
        11752453.404458709,
        10928582.671538461
      ]
    },
    "Abstractshape25.obj": {
      "inertia_matrix": [
        [
          0.682759028845521,
          0.00043735321943439543,
          0.00201691111319497
        ],
        [
          0.00043735321943439543,
          0.6637970430026949,
          0.0009121892860290975
        ],
        [
          0.00201691111319497,
          0.0009121892860290975,
          0.30529233799042227
        ]
      ],
      "moment_along_principal_axes": [
        174314749.84958687,
        169487055.78596523,
        77942941.5194452
      ],
      "averages_along_axes": [
        133.22173453058542,
        132.92096414226964,
        105.77021876682251
      ],
      "variances_along_axes": [
        12256985.179831116,
        12208830.080947092,
        9636260.171849765
      ]
    },
    "Abstractshape26.obj": {
      "inertia_matrix": [
        [
          0.6194992985548123,
          0.0013644538313447683,
          0.01464384453045333
        ],
        [
          0.0013644538313447683,
          0.6145467783285425,
          0.003824177191768384
        ],
        [
          0.01464384453045333,
          0.003824177191768384,
          0.4879457140296821
        ]
      ],
      "moment_along_principal_axes": [
        145761933.59155396,
        144009450.3785223,
        114050813.63339333
      ],
      "averages_along_axes": [
        131.6849673366623,
        132.3713789739576,
        127.248213220141
      ],
      "variances_along_axes": [
        10919126.38523233,
        10927007.163614633,
        12113041.097685833
      ]
    },
    "Abstractshape27.obj": {
      "inertia_matrix": [
        [
          0.5102081574076271,
          -0.11563199787380794,
          -0.010266250070608277
        ],
        [
          -0.11563199787380794,
          0.5431866811514702,
          -0.0029678211484483316
        ],
        [
          -0.010266250070608277,
          -0.0029678211484483316,
          0.6462707946085955
        ]
      ],
      "moment_along_principal_axes": [
        132790206.0540691,
        122289364.32742937,
        150120152.77916157
      ],
      "averages_along_axes": [
        125.14150254741408,
        125.09040349712002,
        100.76830905919864
      ],
      "variances_along_axes": [
        10172022.521889247,
        10139613.988891087,
        6634026.95908425
      ]
    },
    "Abstractshape28.obj": {
      "inertia_matrix": [
        [
          0.6319162754888249,
          0.007081169119847379,
          -0.0011076943715307291
        ],
        [
          0.007081169119847379,
          0.6308576880986607,
          0.011378338028969575
        ],
        [
          -0.0011076943715307291,
          0.011378338028969575,
          0.4498207699747671
        ]
      ],
      "moment_along_principal_axes": [
        154083521.34112105,
        150256249.0277042,
        109046072.46523932
      ],
      "averages_along_axes": [
        135.95128340400197,
        135.5562943589114,
        124.97995334315948
      ],
      "variances_along_axes": [
        12050569.912586529,
        12151166.461557595,
        12334986.483810687
      ]
    },
    "Abstractshape29.obj": {
      "inertia_matrix": [
        [
          0.6319950239924579,
          0.0014915267785620323,
          -0.004620632445732834
        ],
        [
          0.0014915267785620323,
          0.6204655801385477,
          0.007229813103118734
        ],
        [
          -0.004620632445732834,
          0.007229813103118734,
          0.46416921841547887
        ]
      ],
      "moment_along_principal_axes": [
        128032013.32255878,
        125778472.7681499,
        94446203.38275231
      ],
      "averages_along_axes": [
        113.92610648004582,
        113.489244063274,
        92.11987410836268
      ],
      "variances_along_axes": [
        7589223.928262307,
        7571140.438158003,
        4580731.417786398
      ]
    },
    "Abstractshape3.obj": {
      "inertia_matrix": [
        [
          0.520388180527017,
          -0.0011620325327075154,
          0.03680528437280525
        ],
        [
          -0.0011620325327075154,
          0.5217851986671856,
          -0.0025593673101228613
        ],
        [
          0.03680528437280525,
          -0.0025593673101228613,
          0.6739519929066388
        ]
      ],
      "moment_along_principal_axes": [
        128980282.5293458,
        98691227.11469881,
        96806443.10621566
      ],
      "averages_along_axes": [
        126.50243320390275,
        108.26480090195572,
        108.15498027494147
      ],
      "variances_along_axes": [
        8706989.18819019,
        5830878.850945106,
        5961989.7398957675
      ]
    },
    "Abstractshape30.obj": {
      "inertia_matrix": [
        [
          0.38106447394823073,
          0.07220830221149957,
          -0.005329328651570669
        ],
        [
          0.07220830221149957,
          0.6370013085757721,
          0.00020911200091263925
        ],
        [
          -0.005329328651570669,
          0.00020911200091263925,
          0.6622191712774305
        ]
      ],
      "moment_along_principal_axes": [
        164431604.9252832,
        152083664.04529628,
        103247376.78030053
      ],
      "averages_along_axes": [
        129.31527355145286,
        128.59430567793217,
        98.05925343028262
      ],
      "variances_along_axes": [
        11275275.366900034,
        11106476.486859702,
        6560966.067952393
      ]
    },
    "Abstractshape31.obj": {
      "inertia_matrix": [
        [
          0.633946466879776,
          -0.004637324592624324,
          -0.009163828671514006
        ],
        [
          -0.004637324592624324,
          0.6666034855467633,
          -0.007067688484203769
        ],
        [
          -0.009163828671514006,
          -0.007067688484203769,
          0.3917152086349716
        ]
      ],
      "moment_along_principal_axes": [
        151380259.37001753,
        144565044.02465597,
        89250732.71985233
      ],
      "averages_along_axes": [
        120.70994394826516,
        120.83857649519203,
        94.46890332571124
      ],
      "variances_along_axes": [
        9748711.769379744,
        9907170.748819195,
        5872695.576580143
      ]
    },
    "Abstractshape32.obj": {
      "inertia_matrix": [
        [
          0.6445527934212822,
          0.008700521121051909,
          0.019243304561440064
        ],
        [
          0.008700521121051909,
          0.6373829494642418,
          -0.008066180967355232
        ],
        [
          0.019243304561440064,
          -0.008066180967355232,
          0.42103745438837753
        ]
      ],
      "moment_along_principal_axes": [
        124867019.50472532,
        120868369.95779008,
        81035350.15640305
      ],
      "averages_along_axes": [
        111.65604278269119,
        111.52786369499871,
        87.62932567584544
      ],
      "variances_along_axes": [
        7032861.053001959,
        7088910.298013363,
        4267022.072046843
      ]
    },
    "Abstractshape33.obj": {
      "inertia_matrix": [
        [
          0.6342448261248438,
          -0.005854354823556807,
          0.012633254042739428
        ],
        [
          -0.005854354823556807,
          0.6280672587995926,
          0.005785588769378732
        ],
        [
          0.012633254042739428,
          0.005785588769378732,
          0.4503446765831686
        ]
      ],
      "moment_along_principal_axes": [
        131214567.13218658,
        129027648.67417039,
        93258585.8274784
      ],
      "averages_along_axes": [
        117.91361610678952,
        117.790667631773,
        95.34954505144583
      ],
      "variances_along_axes": [
        8149476.725033746,
        8215665.700048484,
        5142369.360255741
      ]
    },
    "Abstractshape34.obj": {
      "inertia_matrix": [
        [
          0.42853780957172277,
          -0.0019696795201486587,
          0.033823883135727165
        ],
        [
          -0.0019696795201486587,
          0.43195951431630686,
          -0.029556197195728724
        ],
        [
          0.033823883135727165,
          -0.029556197195728724,
          0.7910267484467018
        ]
      ],
      "moment_along_principal_axes": [
        136581730.58605143,
        75605325.8731347,
        76800231.92182885
      ],
      "averages_along_axes": [
        127.02636252339906,
        97.05420533240522,
        97.0361146984155
      ],
      "variances_along_axes": [
        6979860.230451953,
        3994691.005522546,
        3930514.195030745
      ]
    },
    "Abstractshape35.obj": {
      "inertia_matrix": [
        [
          0.5613872633906877,
          -0.0009449480162417838,
          0.0027327203741065328
        ],
        [
          -0.0009449480162417838,
          0.5683259716024062,
          -0.0022832035803577694
        ],
        [
          0.0027327203741065328,
          -0.0022832035803577694,
          0.6015170679980111
        ]
      ],
      "moment_along_principal_axes": [
        116301311.83872811,
        109820717.78979121,
        108436364.1715664
      ],
      "averages_along_axes": [
        124.44347150646367,
        112.8892332082741,
        112.93890230780522
      ],
      "variances_along_axes": [
        10579132.325924378,
        7236554.963353745,
        7282707.540086861
      ]
    },
    "Abstractshape36.obj": {
      "inertia_matrix": [
        [
          0.5673934645380564,
          -0.03563919041068848,
          -0.006051151883128997
        ],
        [
          -0.03563919041068848,
          0.6103416249209855,
          0.01172909529589001
        ],
        [
          -0.006051151883128997,
          0.01172909529589001,
          0.5501445966933679
        ]
      ],
      "moment_along_principal_axes": [
        107836029.71205056,
        100454321.53623898,
        105206233.66537935
      ],
      "averages_along_axes": [
        120.90434630380624,
        114.54105075346578,
        114.56236856575396
      ],
      "variances_along_axes": [
        7937045.9129689755,
        6376409.003835559,
        6420104.966902805
      ]
    },
    "Abstractshape37.obj": {
      "inertia_matrix": [
        [
          0.6091626467518136,
          0.002750407560733828,
          0.016761332359116046
        ],
        [
          0.002750407560733828,
          0.6084126505808042,
          0.002242707727298175
        ],
        [
          0.016761332359116046,
          0.002242707727298175,
          0.5081021973296902
        ]
      ],
      "moment_along_principal_axes": [
        142238474.86445308,
        140556622.6040616,
        117197517.14300378
      ],
      "averages_along_axes": [
        130.93845179374776,
        131.56532989722507,
        127.2880335858205
      ],
      "variances_along_axes": [
        10982684.747279717,
        10837761.48357528,
        11759397.574888293
      ]
    },
    "Abstractshape38.obj": {
      "inertia_matrix": [
        [
          0.4836491239653726,
          0.0007148487292796601,
          0.012784458179220571
        ],
        [
          0.0007148487292796601,
          0.4877299034210212,
          0.016288892904817866
        ],
        [
          0.012784458179220571,
          0.016288892904817866,
          0.7261848961339225
        ]
      ],
      "moment_along_principal_axes": [
        123320157.74087082,
        82796141.54604824,
        82583065.3369313
      ],
      "averages_along_axes": [
        120.66570615063482,
        103.55691723763452,
        103.45596225277325
      ],
      "variances_along_axes": [
        6524245.19782102,
        4641300.971963208,
        4650215.036449111
      ]
    },
    "Abstractshape39.obj": {
      "inertia_matrix": [
        [
          0.6370878195528381,
          -0.0064577501215395666,
          -0.017745775190911597
        ],
        [
          -0.0064577501215395666,
          0.6124497595729336,
          0.007797136525053228
        ],
        [
          -0.017745775190911597,
          0.007797136525053228,
          0.46710767640124295
        ]
      ],
      "moment_along_principal_axes": [
        163249857.6479134,
        159188086.77410835,
        119807098.92401843
      ],
      "averages_along_axes": [
        127.99975762819915,
        128.49837486676012,
        156.3527290480409
      ],
      "variances_along_axes": [
        15114897.069128172,
        15355706.31462912,
        46582730.549313694
      ]
    },
    "Abstractshape4.obj": {
      "inertia_matrix": [
        [
          0.4850622756809571,
          -0.0033278997509984323,
          -0.043808205689472635
        ],
        [
          -0.0033278997509984323,
          0.4816677311630662,
          0.014998122247444203
        ],
        [
          -0.043808205689472635,
          0.014998122247444203,
          0.7269115699454571
        ]
      ],
      "moment_along_principal_axes": [
        136671494.87506703,
        90450550.1902277,
        89122388.72999565
      ],
      "averages_along_axes": [
        126.908923343589,
        108.99031627628639,
        109.03561874451322
      ],
      "variances_along_axes": [
        7772873.512446037,
        5695303.025805586,
        5705377.831555529
      ]
    },
    "Abstractshape40.obj": {
      "inertia_matrix": [
        [
          0.5701051869218041,
          -0.001315338834452992,
          0.014360863662099217
        ],
        [
          -0.001315338834452992,
          0.5753671458425378,
          -0.0012430964787514078
        ],
        [
          0.014360863662099217,
          -0.0012430964787514078,
          0.5861004211817409
        ]
      ],
      "moment_along_principal_axes": [
        122539044.03206222,
        123889224.22576337,
        126162608.25385837
      ],
      "averages_along_axes": [
        127.30892805396486,
        122.64960337360368,
        120.52278332152736
      ],
      "variances_along_axes": [
        10972675.286950102,
        8355959.779571465,
        9016021.281816997
      ]
    },
    "Abstractshape41.obj": {
      "inertia_matrix": [
        [
          0.3841595729660862,
          -0.05702773440716397,
          -0.007537836309651773
        ],
        [
          -0.05702773440716397,
          0.6293779370203836,
          0.008217137637039169
        ],
        [
          -0.007537836309651773,
          0.008217137637039169,
          0.670486263284266
        ]
      ],
      "moment_along_principal_axes": [
        145938862.92821524,
        128564769.07343844,
        96122367.79745331
      ],
      "averages_along_axes": [
        119.1326182790513,
        119.12617595565877,
        90.10603777325626
      ],
      "variances_along_axes": [
        8783576.89002152,
        8927329.974535152,
        4920975.926602929
      ]
    },
    "Abstractshape42.obj": {
      "inertia_matrix": [
        [
          0.4618388901475125,
          0.07328923766842795,
          -0.0011734595734215253
        ],
        [
          0.07328923766842795,
          0.6027038969828199,
          -0.0035929110263106328
        ],
        [
          -0.0011734595734215253,
          -0.0035929110263106328,
          0.6424030318724927
        ]
      ],
      "moment_along_principal_axes": [
        150756311.55626112,
        133969481.68607998,
        127603626.18360098
      ],
      "averages_along_axes": [
        128.9288302192586,
        128.93242689912995,
        104.9546440639092
      ],
      "variances_along_axes": [
        10907105.289835837,
        10995759.27239714,
        7027269.803147317
      ]
    },
    "Abstractshape43.obj": {
      "inertia_matrix": [
        [
          0.4654113227772591,
          0.03641250676027535,
          -0.14189315463072896
        ],
        [
          0.03641250676027535,
          0.42679014202548177,
          -0.09473056894712982
        ],
        [
          -0.14189315463072896,
          -0.09473056894712982,
          0.735102467656886
        ]
      ],
      "moment_along_principal_axes": [
        89325688.04763073,
        88630595.53153777,
        59545881.70708947
      ],
      "averages_along_axes": [
        118.08051403288343,
        85.28794062336576,
        85.36919373815323
      ],
      "variances_along_axes": [
        4595445.50096461,
        2374930.8927057865,
        2404912.635983539
      ]
    },
    "Abstractshape44.obj": {
      "inertia_matrix": [
        [
          0.6082546483793839,
          0.001193892773353456,
          0.00367734237460414
        ],
        [
          0.001193892773353456,
          0.6115969857488566,
          0.015412258469571477
        ],
        [
          0.00367734237460414,
          0.015412258469571477,
          0.5054408351842288
        ]
      ],
      "moment_along_principal_axes": [
        125436021.62011121,
        123948812.21189949,
        103710625.53903693
      ],
      "averages_along_axes": [
        114.49685466824431,
        114.50261059152294,
        118.78708513917958
      ],
      "variances_along_axes": [
        7465030.251770051,
        7440540.40857026,
        9976208.428266155
      ]
    },
    "Abstractshape45.obj": {
      "inertia_matrix": [
        [
          0.5850749821844847,
          0.003921828433896036,
          0.00228460946731269
        ],
        [
          0.003921828433896036,
          0.5829214772532257,
          -6.268700896158635e-06
        ],
        [
          0.00228460946731269,
          -6.268700896158635e-06,
          0.5637806454134292
        ]
      ],
      "moment_along_principal_axes": [
        126037478.59199882,
        124257203.71320394,
        120802557.3926438
      ],
      "averages_along_axes": [
        120.48908077521854,
        124.90809076466601,
        119.88812108578938
      ],
      "variances_along_axes": [
        9489834.897918245,
        8698012.012557566,
        9029418.871324653
      ]
    },
    "Abstractshape46.obj": {
      "inertia_matrix": [
        [
          0.622314612357867,
          -0.0008908506352038757,
          0.012851285455368011
        ],
        [
          -0.0008908506352038757,
          0.6223352305820801,
          0.012668498771618063
        ],
        [
          0.012851285455368011,
          0.012668498771618063,
          0.4740996772774211
        ]
      ],
      "moment_along_principal_axes": [
        151436884.19654402,
        152638311.31319565,
        117575858.33878823
      ],
      "averages_along_axes": [
        134.38774124216133,
        134.14424142847986,
        135.10359676710684
      ],
      "variances_along_axes": [
        12476977.742496284,
        12724681.397035211,
        16828230.482284185
      ]
    },
    "Abstractshape47.obj": {
      "inertia_matrix": [
        [
          0.4984546321050869,
          0.07503506083414137,
          0.0020751717860263688
        ],
        [
          0.07503506083414137,
          0.5807472325394867,
          -0.011135280022550723
        ],
        [
          0.0020751717860263688,
          -0.011135280022550723,
          0.6346325782086035
        ]
      ],
      "moment_along_principal_axes": [
        153537585.824108,
        139768547.35384932,
        151854838.544298
      ],
      "averages_along_axes": [
        141.8579827765353,
        141.4865746933008,
        128.22631254390961
      ],
      "variances_along_axes": [
        13577031.169874322,
        13645044.595583327,
        12752567.336452508
      ]
    },
    "Abstractshape48.obj": {
      "inertia_matrix": [
        [
          0.5471128099904513,
          0.0058284963358409825,
          -0.03041245983655907
        ],
        [
          0.0058284963358409825,
          0.5417870519161596,
          -0.019889852385287336
        ],
        [
          -0.03041245983655907,
          -0.019889852385287336,
          0.6359444731254745
        ]
      ],
      "moment_along_principal_axes": [
        99740613.15440369,
        105364483.78177238,
        102735836.67420799
      ],
      "averages_along_axes": [
        118.74367148225312,
        111.21917221877261,
        111.19315661288131
      ],
      "variances_along_axes": [
        6805185.858028428,
        5659868.18399475,
        5721185.678797435
      ]
    },
    "Abstractshape49.obj": {
      "inertia_matrix": [
        [
          0.4802402736865281,
          0.0006518550157041922,
          0.011704012720054793
        ],
        [
          0.0006518550157041922,
          0.4905005040578282,
          0.015354716067855725
        ],
        [
          0.011704012720054793,
          0.015354716067855725,
          0.7266582296926326
        ]
      ],
      "moment_along_principal_axes": [
        128139288.82220432,
        86622459.08843426,
        85116384.44026361
      ],
      "averages_along_axes": [
        122.4644918676221,
        107.00934986771699,
        106.91668207963329
      ],
      "variances_along_axes": [
        7039573.483585381,
        5276599.195577022,
        5324168.084376453
      ]
    },
    "Abstractshape5.obj": {
      "inertia_matrix": [
        [
          0.5011859048952167,
          -0.00020139323109545626,
          -0.008174464227018188
        ],
        [
          -0.00020139323109545626,
          0.5039530307803697,
          0.003758763650746908
        ],
        [
          -0.008174464227018188,
          0.003758763650746908,
          0.7033363704828676
        ]
      ],
      "moment_along_principal_axes": [
        125205173.29106364,
        89719844.35661864,
        89140190.2178939
      ],
      "averages_along_axes": [
        124.27843825034667,
        106.90603957362886,
        106.85282655778087
      ],
      "variances_along_axes": [
        7029567.0631622905,
        4888986.695295189,
        4940713.064216343
      ]
    },
    "Abstractshape50.obj": {
      "inertia_matrix": [
        [
          0.5558789968617623,
          0.00730831041967399,
          -0.024303533238191614
        ],
        [
          0.00730831041967399,
          0.554740713176957,
          -0.03250846484565953
        ],
        [
          -0.024303533238191614,
          -0.03250846484565953,
          0.6163274577369878
        ]
      ],
      "moment_along_principal_axes": [
        106971527.7421722,
        107435719.81680171,
        100479275.77900752
      ],
      "averages_along_axes": [
        119.13990338669262,
        113.20818151981871,
        113.73222580147741
      ],
      "variances_along_axes": [
        7074842.814610163,
        6010093.177436221,
        6102576.33124752
      ]
    },
    "Abstractshape6.obj": {
      "inertia_matrix": [
        [
          0.6491510271378264,
          0.0006583647735548105,
          0.005663726881263534
        ],
        [
          0.0006583647735548105,
          0.6368896624225393,
          -0.002141974039085637
        ],
        [
          0.005663726881263534,
          -0.002141974039085637,
          0.4158128223935853
        ]
      ],
      "moment_along_principal_axes": [
        153500635.0741367,
        150538170.93778855,
        98284252.59892747
      ],
      "averages_along_axes": [
        128.46565695887668,
        128.53152402296132,
        108.89707548265545
      ],
      "variances_along_axes": [
        10288877.823638668,
        10312737.517412957,
        8228551.995288687
      ]
    },
    "Abstractshape7.obj": {
      "inertia_matrix": [
        [
          0.5807304477740431,
          0.07516165366256546,
          -0.010680481102810294
        ],
        [
          0.07516165366256546,
          0.516722462865682,
          -0.005471537465361421
        ],
        [
          -0.010680481102810294,
          -0.005471537465361421,
          0.6198092240665314
        ]
      ],
      "moment_along_principal_axes": [
        111600706.51916221,
        124207231.1039101,
        128134848.67719737
      ],
      "averages_along_axes": [
        117.32378141918045,
        116.7600056683747,
        140.61166385250138
      ],
      "variances_along_axes": [
        10440266.33548951,
        10352597.507610759,
        34192732.29163759
      ]
    },
    "Abstractshape8.obj": {
      "inertia_matrix": [
        [
          0.6268173212062685,
          -0.0032787005950160705,
          0.014558670511855883
        ],
        [
          -0.0032787005950160705,
          0.6166261860105319,
          0.007041190138153746
        ],
        [
          0.014558670511855883,
          0.007041190138153746,
          0.4757390317342593
        ]
      ],
      "moment_along_principal_axes": [
        142872099.83963308,
        141152130.01382214,
        109673464.42303035
      ],
      "averages_along_axes": [
        124.85099052089444,
        124.63138372145355,
        113.96224338763604
      ],
      "variances_along_axes": [
        9371992.611220643,
        9423005.55174387,
        8531270.76703031
      ]
    },
    "Abstractshape9.obj": {
      "inertia_matrix": [
        [
          0.6162567294109104,
          0.00012789122011735619,
          0.0034302268487732723
        ],
        [
          0.00012789122011735619,
          0.6154487949313634,
          -0.011249819929742203
        ],
        [
          0.0034302268487732723,
          -0.011249819929742203,
          0.4910944326212636
        ]
      ],
      "moment_along_principal_axes": [
        145751037.06802073,
        145959718.9811374,
        116634554.19684471
      ],
      "averages_along_axes": [
        125.37782264569128,
        125.27470341451144,
        107.65543316867307
      ],
      "variances_along_axes": [
        10472423.765930334,
        10352233.7042291,
        7113222.952294114
      ]
    },
    "Archive3D_Paso_dos-vase.obj": {
      "inertia_matrix": [
        [
          0.1528955697844509,
          -0.0982056080912249,
          -0.1952965875996692
        ],
        [
          -0.0982056080912249,
          0.2645454829528297,
          0.3360263809263416
        ],
        [
          -0.1952965875996692,
          0.3360263809263416,
          0.7650104428407155
        ]
      ],
      "moment_along_principal_axes": [
        81341535763.42142,
        681651056943.1776,
        84681785807.50943
      ],
      "averages_along_axes": [
        5256.895057469904,
        2823.006931163036,
